Russia: -15.947520850000005
Iran: -15.174050480000002
Pakistan: -14.927928539999998
El Salvador: -13.313645109999998
Ukraine: -12.867738100000004
China: -12.823358210000002
Mexico: -12.483008740000004
United States: -12.38155114
Nicaragua: -12.110831200000002
Bangladesh: -11.376088690000001
Paraguay: -11.277682410000002
France: -11.276483469999997
Moldova: -11.182542009999999
Belarus: -11.127286629999995
Myanmar: -11.090837320000002
Myanmar (Burma): -11.090837320000002
Panama: -10.395999769999998
Australia: -10.369571360000002
Tunisia: -10.22869848
Democratic Republic of the Congo: -10.184188619999997
Brazil: -10.119132709999999
Afghanistan: -9.949609879999997
Bolivia: -9.914339069999997
South Africa: -9.843906400000002
Peru: -9.836664169999999
Lebanon: -9.630791819999999
Taiwan: -9.551756920000004
United Kingdom: -9.370910319999998
Venezuela: -9.354660219999998
Nepal: -9.20786328
Israel: -9.20229169
Canada: -9.142547880000002
Argentina: -8.54442541
Ecuador: -8.447048640000002
Thailand: -8.42123676
Turkey: -8.27384101
Ethiopia: -8.154208709999999
South Korea: -8.029323810000001
Belize: -7.94011938
India: -7.74312178
Colombia: -7.49064131
Sudan: -7.475060920000001
Honduras: -7.366535190000002
Jamaica: -7.215609549999998
Latvia: -6.914670249999999
North Korea: -6.856119199999999
Kyrgyzstan: -6.84906773
Malaysia: -6.81719042
Saudi Arabia: -6.729927140000002
Suriname: -6.675515150000001
Nigeria: -6.634131129999999
Morocco: -6.60586589
Philippines: -6.55637088
Costa Rica: -5.999723989999999
Cameroon: -5.988161289999999
Japan: -5.821645530000001
Yemen: -5.769023160000001
Indonesia: -5.762314180000001
Syria: -5.308541659999999
Belgium: -5.2020510699999996
Romania: -5.149673399999998
Ghana: -5.094842619999998
Sweden: -5.091842750000002
Italy: -5.0626288000000015
Bahamas: -5.014259709999999
Greece: -4.95186642
Bulgaria: -4.779790719999999
Iraq: -4.7003954199999995
Portugal: -4.692906279999999
Malta: -4.625387419999999
Kazakhstan: -4.591561609999999
Switzerland: -4.17957573
Guyana: -4.088138880000001
Dominican Republic: -3.96101798
Cambodia: -3.7384019499999996
Bosnia and Herzegovina: -3.723767689999999
Iceland: -3.7130555700000007
Vietnam: -3.68727598
Algeria: -3.58729981
Lithuania: -3.2874572500000006
Egypt: -3.245782499999999
Uruguay: -3.0839167099999996
Spain: -3.0831279799999995
Mozambique: -2.52271242
Croatia: -2.17374148
Maldives: -2.0231539599999993
Slovakia: -1.8226930099999996
Barbados: -1.5882598700000001
Bahrain: -1.5632528499999998
Serbia: -1.5491268099999989
Angola: -1.0908877899999998
Uzbekistan: -1.0885736399999997
Oman: -0.6360656400000002
Czech Republic: -0.58571276
Poland: 2.4577055300000006
Turkmenistan: 3.7528971
